PG,PZ,PE,PK,DP,TZ,TE,TK,TG,EGN,TJ1,TJ3,TJ2,PJ1,PJ3,PJ2,PVOB,TJOB,PI13,PI11,TI31,TI32,TIOB,PJOB,TI23,TI22,TI21,PV19,PV18,PV15,PV17,PV16,PV11,PV13,PV12,PD13,PD12,PD11,PD16,PD15,PD14,TI12,TI11,PIOB,PI31,PI32,TD16,PV14,PI23,PI22,PI21,TVOB,TV19,TV18,TV17,TV11,TV13,TV12,TV15,TV14,TV16,TDOB,PI12,TD15,TD14,TD13,TD12,TD11,TI13,DEKL,PDOB,TD1OB,TI2OB,PD121,PI2OB,BSTAT,PI231,PI233,PI232,TV1OB,TI1OB,TI3OB,TV121,TI311,PV121,TI233,TI231,TI232,PD1OB,TD121,PV1OB,PI1OB,PI3OB,PI312,PI311,TI312,DANNMF,PASSMOD
1933,0,1933,0,0400,0,2745,0,2745,NULL,0,0,0,0,0,0,0,0,0,0,0,0,0,0,0,0,0,0,0,0,0,0,0,0,0,0,0,0,0,0,0,0,0,0,0,0,0,0,0,0,0,0,0,0,0,0,0,0,0,0,0,0,0,0,0,0,0,0,0,51,0,0,0,0,0,104525128,0,0,0,0,0,0,0,0,0,0,0,0,0,0,0,0,0,0,0,0,1042006803,888
0,0,0,0,0400,0,0,0,0,4712225407,0,0,0,0,0,0,0,0,0,0,0,0,0,0,0,0,0,0,0,0,0,0,0,0,0,0,0,0,0,0,0,0,0,0,0,0,0,0,0,0,0,0,0,0,0,0,0,0,0,0,0,0,0,0,0,0,0,0,0,41,0,0,0,0,0,104021231,0,0,0,0,0,0,0,0,0,0,0,0,0,0,0,0,0,0,0,0,1041022384,10
75,0,-1222,0,0600,0,-1270,0,26,NULL,0,0,0,0,0,0,0,0,0,0,0,0,0,0,0,0,0,0,0,0,0,0,0,0,0,0,0,0,1297,0,0,0,0,0,0,0,1296,0,0,0,0,0,0,0,0,0,0,0,0,0,0,1296,0,0,0,0,0,0,0,51,1297,1296,0,0,0,106014342,0,0,0,0,0,0,0,0,0,0,0,0,1297,0,0,0,0,0,0,0,1061501513,640
0,0,0,0,0600,0,0,0,0,NULL,0,0,0,0,0,0,0,0,0,0,0,0,0,0,0,0,0,0,0,0,0,0,0,0,0,0,0,0,0,0,0,0,0,0,0,0,0,0,0,0,0,0,0,0,0,0,0,0,0,0,0,0,0,0,0,0,0,0,0,51,0,0,0,0,0,106582035,0,0,0,0,0,0,0,0,0,0,0,0,0,0,0,0,0,0,0,0,1061618216,692
0,0,0,0,0600,0,0,0,0,NULL,0,0,0,0,0,0,0,0,0,0,0,0,0,0,0,0,0,0,0,0,0,0,0,0,0,0,0,0,0,0,0,0,0,0,0,0,0,0,0,0,0,0,0,0,0,0,0,0,0,0,0,0,0,0,0,0,0,0,0,51,0,0,0,0,0,106578154,0,0,0,0,0,0,0,0,0,0,0,0,0,0,0,0,0,0,0,0,1060519516,692
26,0,-50,0,0600,0,-50,0,26,NULL,0,0,0,0,0,0,0,0,0,0,0,0,191,0,0,0,0,0,0,0,0,0,0,0,0,0,0,0,76,0,0,0,0,191,0,0,76,0,0,0,0,0,0,0,0,0,0,0,0,0,0,76,0,0,0,0,0,0,0,51,76,76,0,0,0,816088892,0,0,0,0,191,0,0,0,0,0,0,0,76,0,0,191,0,0,0,0,1061504326,640
8,0,8,0,0600,0,8,0,8,NULL,0,0,0,0,0,0,13,0,0,0,0,0,8,0,0,0,0,0,13,0,0,0,0,0,0,0,0,0,0,0,0,0,0,8,0,0,0,0,0,0,0,13,0,13,0,0,0,0,0,0,0,0,0,0,0,0,0,0,0,51,0,0,0,0,0,106024960,0,0,0,13,8,0,0,0,0,0,0,0,0,0,13,8,0,0,0,0,1065504037,640
-130,0,-170,0,0600,0,-170,0,-130,NULL,0,0,0,0,0,0,168,0,0,0,0,0,0,0,0,0,0,0,168,0,0,0,0,0,0,0,0,0,40,0,0,0,0,0,0,0,40,0,0,0,0,168,0,168,0,0,0,0,0,0,0,40,0,0,0,0,0,0,0,51,40,40,0,0,0,106053911,0,0,0,168,0,0,0,0,0,0,0,0,40,0,168,0,0,0,0,0,1061585822,640
0,0,0,0,0600,0,0,0,0,NULL,0,0,0,0,0,0,0,0,0,0,0,0,0,0,0,0,0,0,0,0,0,0,0,0,0,0,0,0,0,0,0,0,0,0,0,0,0,0,0,0,0,0,0,0,0,0,0,0,0,0,0,0,0,0,0,0,0,0,0,51,0,0,0,0,0,816084004,0,0,0,0,0,0,0,0,0,0,0,0,0,0,0,0,0,0,0,0,1069501067,640
2,0,2,0,0600,0,2,0,2,NULL,0,0,0,0,0,0,15,0,0,0,0,0,0,0,0,0,0,0,15,0,0,0,0,0,0,0,0,0,0,0,0,0,0,0,0,0,0,0,0,0,0,15,0,15,0,0,0,0,0,0,0,0,0,0,0,0,0,0,0,51,0,0,0,0,0,816093099,0,0,0,15,0,0,0,0,0,0,0,0,0,0,15,0,0,0,0,0,1066509288,640
2,0,2,0,0600,0,3,0,3,NULL,0,0,0,0,0,0,0,0,0,0,-5,1,3,0,0,0,0,0,0,0,0,0,0,0,0,0,0,0,0,0,0,7,0,2,-5,0,0,0,0,0,0,0,0,0,0,0,0,0,0,0,0,0,7,0,0,0,0,0,0,51,0,0,0,0,0,106051344,0,0,0,0,7,-4,0,0,0,0,0,0,0,0,0,7,-5,-5,0,-5,1064501557,640
0,0,0,0,0600,0,0,0,0,4312031881,0,0,0,0,0,0,0,0,0,0,0,0,0,0,0,0,0,0,0,0,0,0,0,0,0,0,0,0,0,0,0,0,0,0,0,0,0,0,0,0,0,0,0,0,0,0,0,0,0,0,0,0,0,0,0,0,0,0,0,41,0,0,0,0,0,106016845,0,0,0,0,0,0,0,0,0,0,0,0,0,0,0,0,0,0,0,0,1068001443,971
20,0,20,0,0600,0,20,0,20,NULL,0,0,0,0,0,0,58,0,0,-32,1,0,1,0,0,0,0,0,0,10,0,4,0,8,0,0,0,0,0,0,0,50,-32,0,0,0,0,36,0,0,0,58,0,0,0,0,8,0,10,36,4,0,50,0,0,0,0,0,0,51,0,0,0,0,0,106571505,0,0,0,58,0,1,0,1,0,0,0,0,0,0,58,0,0,0,0,0,1060518900,640
4,0,2,0,0600,0,10,0,10,NULL,0,0,0,0,0,0,0,0,0,0,-42,4,-17,0,0,21,0,0,0,0,0,0,0,0,0,0,0,0,2,0,0,27,0,-21,-37,-5,0,0,0,21,0,4,0,1,0,0,3,0,0,0,0,0,24,0,0,0,0,0,0,51,2,0,21,0,21,106053637,0,0,0,4,0,-38,0,0,0,0,0,0,2,0,0,0,-42,-37,0,-42,1063508833,640
0,0,0,0,0600,0,0,0,0,NULL,0,0,0,0,0,0,0,0,0,0,0,0,0,0,0,0,0,0,0,0,0,0,0,0,0,0,0,0,0,0,0,0,0,0,0,0,0,0,0,0,0,0,0,0,0,0,0,0,0,0,0,0,0,0,0,0,0,0,0,51,0,0,0,0,0,106060254,0,0,0,0,0,0,0,0,0,0,0,0,0,0,0,0,0,0,0,0,1066504944,640
11,0,11,0,0600,0,6,0,6,NULL,0,0,0,0,0,0,0,0,0,0,1,0,1,0,0,0,0,0,0,0,0,0,0,0,0,0,0,0,0,0,0,0,0,1,1,0,0,0,0,0,0,0,0,0,0,0,0,0,0,0,0,0,0,0,0,0,0,0,0,51,0,0,0,0,0,106589001,0,0,0,0,0,1,0,1,0,0,0,0,0,0,0,0,1,0,1,0,1061621756,640
24,0,24,0,0600,0,20,0,20,NULL,0,0,0,0,0,0,0,0,0,0,0,6,6,0,0,0,0,0,0,0,0,0,0,0,0,0,0,0,0,0,0,5,0,2,2,0,0,0,0,0,0,0,0,0,0,0,0,0,0,0,0,0,5,0,0,0,0,0,0,51,0,0,0,0,0,816093829,0,0,0,0,0,6,0,0,0,0,0,0,0,0,0,0,2,0,2,0,1061550069,640
0,0,0,0,0600,0,0,0,0,NULL,0,0,0,0,0,0,0,0,0,0,0,0,0,0,0,0,0,0,0,0,0,0,0,0,0,0,0,0,0,0,0,0,0,0,0,0,0,0,0,0,0,0,0,0,0,0,0,0,0,0,0,0,0,0,0,0,0,0,0,51,0,0,0,0,0,106059985,0,0,0,0,0,0,0,0,0,0,0,0,0,0,0,0,0,0,0,0,1061588899,640
101,0,101,0,0600,0,78,0,78,NULL,0,0,0,0,0,0,85,0,0,0,-24,-10,17,0,51,0,0,0,85,0,0,0,0,0,0,0,0,0,0,0,0,61,0,40,-32,-10,0,0,51,31,0,115,0,115,0,0,0,0,0,0,0,0,61,0,0,0,0,0,0,51,0,0,51,0,82,000175947,0,51,0,115,0,-34,0,0,0,51,0,0,0,0,85,0,-42,-32,0,-24,1061543755,640
195,0,137,0,0600,0,158,0,213,NULL,0,0,3,0,0,0,18,0,0,0,0,-13,156,0,169,0,0,0,0,0,1,0,0,17,0,0,58,0,0,0,0,5,0,133,-4,2,0,0,135,0,0,23,0,0,3,0,17,0,2,0,1,55,5,0,0,0,55,0,0,51,58,55,169,0,135,106509222,0,135,0,23,0,-13,0,0,0,169,0,0,58,0,18,0,-2,-4,0,0,1061598673,640
